 Run    Weight      Sum of weights
    0 1.00000E+00 1.00000E+00
    1 9.67600E-01 1.96760E+00
    2 9.32524E-01 2.90012E+00
    3 9.00877E-01 3.80100E+00
    4 9.65078E-01 4.76608E+00
    5 1.01323E+00 5.77931E+00
    6 1.06308E+00 6.84239E+00
    7 9.35948E-01 7.77834E+00
    8 1.03735E+00 8.81569E+00
    9 8.70081E-01 9.68577E+00
   10 9.08062E-01 1.05938E+01
   11 9.83659E-01 1.15775E+01
   12 9.73527E-01 1.25510E+01
   13 9.31099E-01 1.34821E+01
   14 1.04434E+00 1.45264E+01
   15 1.01635E+00 1.55428E+01
   16 9.95852E-01 1.65386E+01
   17 9.51151E-01 1.74898E+01
   18 9.87177E-01 1.84770E+01
   19 9.02313E-01 1.93793E+01
   20 1.04104E+00 2.04203E+01
