<ine.c.s.>      1.01      1.00000000D+00    238.05    0    4            
 3.65459D+02  1                                                         
 8.11073D+01  2                                                         
 2.29832D+00  3                                                         
 5.03039D-03  4                                                         
<ine.c.s.>      1.01      1.20000000D+00    238.05    0    4            
 3.99810D+02  1                                                         
 9.57206D+01  2                                                         
 5.25171D+00  3                                                         
 2.57681D-02  4                                                         
<ine.c.s.>      1.01      1.40000000D+00    238.05    0    4            
 4.29751D+02  1                                                         
 1.01728D+02  2                                                         
 9.03458D+00  3                                                         
 8.12951D-02  4                                                         
<ine.c.s.>      1.01      1.60000000D+00    238.05    0    4            
 4.50864D+02  1                                                         
 1.01516D+02  2                                                         
 1.28609D+01  3                                                         
 1.92506D-01  4                                                         
<ine.c.s.>      1.01      1.80000000D+00    238.05    0    4            
 4.60817D+02  1                                                         
 9.74358D+01  2                                                         
 1.62214D+01  3                                                         
 3.81090D-01  4                                                         
<ine.c.s.>      1.01      2.00000000D+00    238.05    0    4            
 4.60533D+02  1                                                         
 9.17657D+01  2                                                         
 1.88784D+01  3                                                         
 6.65589D-01  4                                                         
<ine.c.s.>      1.01      2.20000000D+00    238.05    0    4            
 4.52997D+02  1                                                         
 8.62085D+01  2                                                         
 2.06737D+01  3                                                         
 1.04981D+00  4                                                         
<ine.c.s.>      1.01      2.40000000D+00    238.05    0    4            
 4.41574D+02  1                                                         
 8.16594D+01  2                                                         
 2.15508D+01  3                                                         
 1.51172D+00  4                                                         
<ine.c.s.>      1.01      2.60000000D+00    238.05    0    4            
 4.28571D+02  1                                                         
 7.82062D+01  2                                                         
 2.15880D+01  3                                                         
 2.00389D+00  4                                                         
<ine.c.s.>      1.01      2.80000000D+00    238.05    0    4            
 4.15229D+02  1                                                         
 7.56436D+01  2                                                         
 2.09818D+01  3                                                         
 2.46535D+00  4                                                         
<ine.c.s.>      1.01      3.00000000D+00    238.05    0    4            
 4.02099D+02  1                                                         
 7.36862D+01  2                                                         
 1.99756D+01  3                                                         
 2.84233D+00  4                                                         
<ine.c.s.>      1.01      3.20000000D+00    238.05    0    4            
 3.89325D+02  1                                                         
 7.20853D+01  2                                                         
 1.87849D+01  3                                                         
 3.10258D+00  4                                                         
<ine.c.s.>      1.01      3.40000000D+00    238.05    0    4            
 3.77082D+02  1                                                         
 7.07043D+01  2                                                         
 1.75807D+01  3                                                         
 3.24384D+00  4                                                         
<ine.c.s.>      1.01      3.60000000D+00    238.05    0    4            
 3.65410D+02  1                                                         
 6.94489D+01  2                                                         
 1.64579D+01  3                                                         
 3.28514D+00  4                                                         
<ine.c.s.>      1.01      3.80000000D+00    238.05    0    4            
 3.54432D+02  1                                                         
 6.82951D+01  2                                                         
 1.54726D+01  3                                                         
 3.25808D+00  4                                                         
<ine.c.s.>      1.01      4.00000000D+00    238.05    0    4            
 3.44232D+02  1                                                         
 6.72345D+01  2                                                         
 1.46362D+01  3                                                         
 3.19539D+00  4                                                         
<ine.c.s.>      1.01      4.20000000D+00    238.05    0    4            
 3.34893D+02  1                                                         
 6.62772D+01  2                                                         
 1.39475D+01  3                                                         
 3.12297D+00  4                                                         
<ine.c.s.>      1.01      4.40000000D+00    238.05    0    4            
 3.26442D+02  1                                                         
 6.54237D+01  2                                                         
 1.33922D+01  3                                                         
 3.05658D+00  4                                                         
<ine.c.s.>      1.01      4.60000000D+00    238.05    0    4            
 3.18901D+02  1                                                         
 6.46721D+01  2                                                         
 1.29540D+01  3                                                         
 3.00323D+00  4                                                         
<ine.c.s.>      1.01      4.80000000D+00    238.05    0    4            
 3.12243D+02  1                                                         
 6.40062D+01  2                                                         
 1.26140D+01  3                                                         
 2.96257D+00  4                                                         
<ine.c.s.>      1.01      5.00000000D+00    238.05    0    4            
 3.06374D+02  1                                                         
 6.33968D+01  2                                                         
 1.23514D+01  3                                                         
 2.92978D+00  4                                                         
