#  Run    GOF  Nb  93
     0  1.000000E+35
     1  1.000000E+35
     2  1.000000E+35
     3  1.000000E+35
     4  1.000000E+35
     5  1.000000E+35
     6  1.000000E+35
     7  1.000000E+35
     8  1.000000E+35
     9  1.000000E+35
    10  1.000000E+35
    11  1.000000E+35
    12  1.000000E+35
    13  1.000000E+35
    14  1.000000E+35
    15  1.000000E+35
    16  1.000000E+35
    17  1.000000E+35
    18  1.000000E+35
    19  1.000000E+35
    20  1.000000E+35
    21  1.000000E+35
    22  1.000000E+35
    23  1.000000E+35
    24  1.000000E+35
    25  1.000000E+35
    26  1.000000E+35
    27  1.000000E+35
    28  1.000000E+35
    29  1.000000E+35
    30  1.000000E+35
    31  1.000000E+35
    32  1.000000E+35
    33  1.000000E+35
    34  1.000000E+35
    35  1.000000E+35
    36  1.000000E+35
    37  1.000000E+35
    38  1.000000E+35
    39  1.000000E+35
    40  1.000000E+35
    41  1.000000E+35
    42  1.000000E+35
    43  1.000000E+35
    44  1.000000E+35
    45  1.000000E+35
    46  1.000000E+35
    47  1.000000E+35
    48  1.000000E+35
    49  1.000000E+35
    50  1.000000E+35
    51  1.000000E+35
    52  1.000000E+35
    53  1.000000E+35
    54  1.000000E+35
    55  1.000000E+35
    56  1.000000E+35
    57  1.000000E+35
    58  1.000000E+35
    59  1.000000E+35
    60  1.000000E+35
    61  1.000000E+35
    62  1.000000E+35
    63  1.000000E+35
    64  1.000000E+35
    65  1.000000E+35
    66  1.000000E+35
    67  1.000000E+35
    68  1.000000E+35
    69  1.000000E+35
    70  1.000000E+35
    71  1.000000E+35
    72  1.000000E+35
    73  1.000000E+35
    74  1.000000E+35
    75  1.000000E+35
    76  1.000000E+35
    77  1.000000E+35
    78  1.000000E+35
    79  1.000000E+35
    80  1.000000E+35
    81  1.000000E+35
    82  1.000000E+35
    83  1.000000E+35
    84  1.000000E+35
    85  1.000000E+35
    86  1.000000E+35
    87  1.000000E+35
    88  1.000000E+35
    89  1.000000E+35
    90  1.000000E+35
    91  1.000000E+35
    92  1.000000E+35
    93  1.000000E+35
    94  1.000000E+35
    95  1.000000E+35
    96  1.000000E+35
    97  1.000000E+35
    98  1.000000E+35
    99  1.000000E+35
   100  1.000000E+35
